1239.1088986270438
730.5588245779131
678.8544346176526
658.4714710082591
649.320480259571
636.0442081423624
596.8691243328822
562.1885159703618
568.2430740013695
556.471161018908
575.286015249291
538.415138593467
533.3092496447914
557.0832425064034
581.2906935237022
547.8956349269656
541.8456168876844
540.6320209623726
513.2969868189828
526.110336692946
550.1900768735495
549.9017838534421
534.7869966205388
530.1124305280574
520.4448417210642
518.2521180514042
519.0722049037992
521.6188011311428
520.7483394137707
523.0587648803933
514.5587240634889
505.3166553914118
501.01381791850116
497.75901794454035
504.609081405253
496.2515046029065
496.41407805232114
493.41924657344805
491.999120111333
491.99527896652717
491.49854560026836
491.75833953869454
487.00108767055724
486.9998669080685
486.9997779691929
486.999555824442
486.9984526004012
489.8562790174975
499.1358401760193
503.81255361964213
